<?xml version="1.0"?>
<opencv_storage>
<cam_matrix type_id="opencv-matrix">
  <rows>3</rows>
  <cols>3</cols>
  <dt>d</dt>
  <data>
    2.5763377499113449e+03 0. 5.6003090614440157e+02 0.
    2.5729486722367110e+03 6.1040269353399856e+02 0. 0. 1.</data></cam_matrix>
<cam_distor type_id="opencv-matrix">
  <rows>1</rows>
  <cols>5</cols>
  <dt>d</dt>
  <data>
    5.5723695074134973e-02 -9.0779795748675685e-01
    1.1523363688195848e-02 -2.0310764308589097e-02 0.</data></cam_distor>
</opencv_storage>
