<?xml version="1.0"?>
<opencv_storage>
<rot type_id="opencv-matrix">
  <rows>3</rows>
  <cols>3</cols>
  <dt>d</dt>
  <data>
    9.4025226910351012e-01 5.5021416750178458e-03 3.4043413002031442e-01
    4.1775914348228485e-02 9.9045017679809133e-01
    -1.3138957439994686e-01 -3.3790596831969366e-01
    1.3776129252303682e-01 9.3104316916903074e-01</data></rot>
<trans type_id="opencv-matrix">
  <rows>3</rows>
  <cols>1</cols>
  <dt>d</dt>
  <data>
    -1.1573062412880404e+01 -1.6706822485780028e+00
    3.4028276240320716e+00</data></trans>
</opencv_storage>
