<?xml version="1.0"?>
<opencv_storage>
<rot type_id="opencv-matrix">
  <rows>3</rows>
  <cols>3</cols>
  <dt>d</dt>
  <data>
    9.5927509896874286e-01 -2.1125675851631581e-02
    2.8168242813196631e-01 6.9027119205702619e-02 9.8449870292927144e-01
    -1.6123759097910131e-01 -2.7390973205176605e-01
    1.7411493258877611e-01 9.4586333523238741e-01</data></rot>
<trans type_id="opencv-matrix">
  <rows>3</rows>
  <cols>1</cols>
  <dt>d</dt>
  <data>
    -1.0807962716139851e+01 -2.7861995482220174e+00
    7.3553200862421235e+00</data></trans>
</opencv_storage>
