<?xml version="1.0"?>
<opencv_storage>
<rot type_id="opencv-matrix">
  <rows>3</rows>
  <cols>3</cols>
  <dt>d</dt>
  <data>
    1.4137555268365254e-01 -1.8347082871654805e-01
    9.7280594576382728e-01 4.0845743455499528e-01
    -8.8432011224867657e-01 -2.2614257279256333e-01
    9.0176242839239162e-01 4.2932085214039062e-01
    -5.0081220605186383e-02</data></rot>
<trans type_id="opencv-matrix">
  <rows>3</rows>
  <cols>1</cols>
  <dt>d</dt>
  <data>
    -3.8249307131290934e+01 1.5595195122318772e+01
    3.5263629635364374e+01</data></trans>
</opencv_storage>
