<?xml version="1.0"?>
<opencv_storage>
<rot type_id="opencv-matrix">
  <rows>3</rows>
  <cols>3</cols>
  <dt>d</dt>
  <data>
    -7.7385151467612254e-02 -3.1453470846044496e-02
    9.9650500124388319e-01 4.4832102271207164e-01 8.9165263676458018e-01
    6.2959002097980665e-02 -8.9051659104518466e-01
    4.5162623320895390e-01 -5.4899422134979906e-02</data></rot>
<trans type_id="opencv-matrix">
  <rows>3</rows>
  <cols>1</cols>
  <dt>d</dt>
  <data>
    -3.5029052475989673e+01 -1.1949260601207779e+01
    4.7780279306185641e+01</data></trans>
</opencv_storage>
