<?xml version="1.0"?>
<opencv_storage>
<rot type_id="opencv-matrix">
  <rows>3</rows>
  <cols>3</cols>
  <dt>d</dt>
  <data>
    1.2874837893734914e-01 3.0998599119077008e-01 9.4198330143717524e-01
    -4.4470782613524595e-01 -8.3097546739606631e-01
    3.3423752326744072e-01 8.8637396413425207e-01
    -4.6193988553854592e-01 3.0866451910877002e-02</data></rot>
<trans type_id="opencv-matrix">
  <rows>3</rows>
  <cols>1</cols>
  <dt>d</dt>
  <data>
    -3.0289714059378859e+01 -1.2364785258920961e+01
    4.5819850028603888e+01</data></trans>
</opencv_storage>
