<?xml version="1.0"?>
<opencv_storage>
<cam_matrix type_id="opencv-matrix">
  <rows>3</rows>
  <cols>3</cols>
  <dt>d</dt>
  <data>
    2.4915931117028676e+03 0. 7.9367321273008758e+02 0.
    2.4674088399283842e+03 5.1189747190893070e+02 0. 0. 1.</data></cam_matrix>
<cam_distor type_id="opencv-matrix">
  <rows>1</rows>
  <cols>5</cols>
  <dt>d</dt>
  <data>
    -8.1048449739963682e-02 7.4320187708691299e-01
    -6.7175611466175423e-03 2.6847913228867901e-02 0.</data></cam_distor>
</opencv_storage>
