<?xml version="1.0"?>
<opencv_storage>
<cam_matrix type_id="opencv-matrix">
  <rows>3</rows>
  <cols>3</cols>
  <dt>d</dt>
  <data>
    2.7642190724707498e+03 0. 6.5940451336969488e+02 0.
    2.7667911677197330e+03 6.5273068286369755e+02 0. 0. 1.</data></cam_matrix>
<cam_distor type_id="opencv-matrix">
  <rows>1</rows>
  <cols>5</cols>
  <dt>d</dt>
  <data>
    -3.7832008313698755e-02 1.0034835968484825e+00
    5.4711370578226122e-03 -6.9198545827793799e-03 0.</data></cam_distor>
</opencv_storage>
