<?xml version="1.0"?>
<opencv_storage>
<pro_matrix type_id="opencv-matrix">
  <rows>3</rows>
  <cols>3</cols>
  <dt>d</dt>
  <data>
    2.0872216839737707e+03 0. 5.7822996349851871e+02 0.
    2.1179110896124312e+03 9.6360913245090353e+02 0. 0. 1.</data></pro_matrix>
<pro_distor type_id="opencv-matrix">
  <rows>1</rows>
  <cols>5</cols>
  <dt>d</dt>
  <data>
    1.2936049183542656e-01 -9.6447603236852697e-02
    3.9692901076370267e-02 -9.1185307757148774e-03 0.</data></pro_distor>
</opencv_storage>
