<?xml version="1.0"?>
<opencv_storage>
<rot type_id="opencv-matrix">
  <rows>3</rows>
  <cols>3</cols>
  <dt>d</dt>
  <data>
    9.6818721030347787e-01 -2.3115702669109846e-02
    2.4915695875267552e-01 7.3556244536470805e-02 9.7802279514240886e-01
    -1.9509200668279758e-01 -2.3917149640887403e-01
    2.0721263588870042e-01 9.4860946592030004e-01</data></rot>
<trans type_id="opencv-matrix">
  <rows>3</rows>
  <cols>1</cols>
  <dt>d</dt>
  <data>
    -5.7577547709393926e+00 -3.3403021392707459e+00
    8.5643369010467136e+00</data></trans>
</opencv_storage>
