<?xml version="1.0"?>
<opencv_storage>
<rot type_id="opencv-matrix">
  <rows>3</rows>
  <cols>3</cols>
  <dt>d</dt>
  <data>
    9.3977897927157417e-01 6.3545160002016383e-03 3.4172370454166817e-01
    5.4165981785746997e-02 9.8442233191468131e-01
    -1.6726840360584308e-01 -3.3746335584247406e-01
    1.7570512956104692e-01 9.2479521566099776e-01</data></rot>
<trans type_id="opencv-matrix">
  <rows>3</rows>
  <cols>1</cols>
  <dt>d</dt>
  <data>
    -1.1193923877889885e+01 -1.9406067347313323e+00
    6.1069506109002853e+00</data></trans>
</opencv_storage>
