<?xml version="1.0"?>
<opencv_storage>
<cam_matrix type_id="opencv-matrix">
  <rows>3</rows>
  <cols>3</cols>
  <dt>d</dt>
  <data>
    2.3999614499536015e+03 0. 5.6849798389849207e+02 0.
    2.4026140688345226e+03 6.2425585452420876e+02 0. 0. 1.</data></cam_matrix>
<cam_distor type_id="opencv-matrix">
  <rows>1</rows>
  <cols>5</cols>
  <dt>d</dt>
  <data>
    -1.0594284704402077e-01 1.6823402862435313e+00
    7.4764799221178520e-03 -1.0892074311251105e-02 0.</data></cam_distor>
</opencv_storage>
