<?xml version="1.0"?>
<opencv_storage>
<cam_matrix type_id="opencv-matrix">
  <rows>3</rows>
  <cols>3</cols>
  <dt>d</dt>
  <data>
    2.4320589724745246e+03 0. 7.6229339476664609e+02 0.
    2.4359007986645770e+03 3.5327900482173453e+02 0. 0. 1.</data></cam_matrix>
<cam_distor type_id="opencv-matrix">
  <rows>1</rows>
  <cols>5</cols>
  <dt>d</dt>
  <data>
    7.1398938620813271e-02 -9.0774521282203791e-01
    -1.6087158075341924e-02 1.2090484504564113e-02 0.</data></cam_distor>
</opencv_storage>
