<?xml version="1.0"?>
<opencv_storage>
<rot type_id="opencv-matrix">
  <rows>3</rows>
  <cols>3</cols>
  <dt>d</dt>
  <data>
    9.9916828735204088e-01 1.6049010039878912e-02 3.7485501553658873e-02
    -1.6240952295828521e-02 9.9985648182053954e-01
    4.8215381340069655e-03 -3.7402740788799405e-02
    -5.4263282422764396e-03 9.9928553974491852e-01</data></rot>
<trans type_id="opencv-matrix">
  <rows>3</rows>
  <cols>1</cols>
  <dt>d</dt>
  <data>
    -4.6728671843597125e+00 8.9857839111449511e-02
    -1.5368661807190804e+00</data></trans>
</opencv_storage>
