<?xml version="1.0"?>
<opencv_storage>
<rot type_id="opencv-matrix">
  <rows>3</rows>
  <cols>3</cols>
  <dt>d</dt>
  <data>
    9.9549768942725558e-01 4.1098649986840152e-03 9.4696670240764003e-02
    -1.2901639877700411e-03 9.9955450769279708e-01
    -2.9818142596323271e-02 -9.4777032143236406e-02
    2.9561717823945875e-02 9.9505950526459330e-01</data></rot>
<trans type_id="opencv-matrix">
  <rows>3</rows>
  <cols>1</cols>
  <dt>d</dt>
  <data>
    2.8868387747633401e-01 -1.1031089431711050e-01
    1.9411187059200952e+00</data></trans>
</opencv_storage>
