<?xml version="1.0"?>
<opencv_storage>
<cam_matrix type_id="opencv-matrix">
  <rows>3</rows>
  <cols>3</cols>
  <dt>d</dt>
  <data>
    2.4127297703656550e+03 0. 5.2799686273020689e+02 0.
    2.4101600155888386e+03 6.0666408264127790e+02 0. 0. 1.</data></cam_matrix>
<cam_distor type_id="opencv-matrix">
  <rows>1</rows>
  <cols>5</cols>
  <dt>d</dt>
  <data>
    7.5952696536529052e-03 -5.3251754363166603e-01
    1.0487031954401796e-02 -1.6182494790206031e-02 0.</data></cam_distor>
</opencv_storage>
