<?xml version="1.0"?>
<opencv_storage>
<rot type_id="opencv-matrix">
  <rows>3</rows>
  <cols>3</cols>
  <dt>d</dt>
  <data>
    9.9455078606941394e-01 -5.4442758367430441e-02
    8.8908492226876246e-02 7.2328340877294825e-02 9.7451523655585492e-01
    -2.1234091651498560e-01 -7.5082255124954617e-02
    2.1761442916735052e-01 9.7314264893874602e-01</data></rot>
<trans type_id="opencv-matrix">
  <rows>3</rows>
  <cols>1</cols>
  <dt>d</dt>
  <data>
    -3.1009896549849492e+00 -2.4202110323734392e+00
    1.1928301710588764e+01</data></trans>
</opencv_storage>
