<?xml version="1.0"?>
<opencv_storage>
<rot type_id="opencv-matrix">
  <rows>3</rows>
  <cols>3</cols>
  <dt>d</dt>
  <data>
    9.5223235469691736e-01 -7.2481539359209521e-03
    3.0528839960418647e-01 6.3474911274686796e-02 9.8258110541690846e-01
    -1.7465768496220527e-01 -2.9870466736734275e-01
    1.8569285269553995e-01 9.3610559561983053e-01</data></rot>
<trans type_id="opencv-matrix">
  <rows>3</rows>
  <cols>1</cols>
  <dt>d</dt>
  <data>
    -6.2364231054004904e+00 -1.9956276345004589e+00
    6.1240989904783980e+00</data></trans>
</opencv_storage>
