<?xml version="1.0"?>
<opencv_storage>
<pro_matrix type_id="opencv-matrix">
  <rows>3</rows>
  <cols>3</cols>
  <dt>d</dt>
  <data>
    2.0166435222736072e+03 0. 6.3735911679579851e+02 0.
    2.0203056428110276e+03 9.6683231750870857e+02 0. 0. 1.</data></pro_matrix>
<pro_distor type_id="opencv-matrix">
  <rows>1</rows>
  <cols>5</cols>
  <dt>d</dt>
  <data>
    -2.3582155960521548e-02 1.7474347258083361e-01
    1.7963386529185856e-02 -3.4200369788596335e-03 0.</data></pro_distor>
</opencv_storage>
